15000
4000
18000
23000
2000
5000
13000
10000
5000
12000
1000
1000
1000
5000
14000
2000
30000
36000
5000
1000
1000
4000
3000
21000
7000
7000
4000
13000
17000
4000
15000
10000
6000
8000
7000
5000
34000
2000
17000
10000
31000
16000
36000
2000
6000
3000
11000
8000
6000
14000
3000
11000
4000
2000
6000
22000
19000
22000
5000
5000
2000
19000
3000
2000
8000
3000
15000
13000
11000
7000
4000
21000
14000
9000
2000
9000
8000
8000
60000
15000
37000
28000
20000
2000
17000
25000
29000
13000
9000
3000
5000
3000
2000
27000
10000
13000
5000
5000
22000
1000
