59277000
98876000
17752000
20352000
22331000
1142000
7582000
52542000
9082000
9140000
2178000
26155000
23656000
3499000
8469000
8599000
45091000
5522000
2243000
9995000
40992000
38440000
2493000
4363000
8618000
2455000
34645000
9596000
11571000
705000
4431000
8923000
13515000
32073000
39214000
57458000
19054000
28352000
38865000
20521000
23735000
34757000
7452000
20937000
19720000
31090000
1939000
650000
54203000
23044000
9276000
6163000
7641000
12267000
10726000
11398000
20611000
9170000
16135000
31690000
38085000
30180000
2736000
17852000
12142000
7287000
92325000
11869000
16686000
18178000
2997000
22087000
8431000
29455000
71538000
27516000
1338000
23343000
1864000
5783000
33848000
20374000
66079000
6504000
1126000
2981000
5072000
100000
10601000
8176000
8889000
28466000
11437000
7515000
14936000
66029000
4455000
6580000
4500000
20672000
