11000
3000
4000
4000
1000
1000
1000
2000
1000
3000
4000
2000
3000
1000
29000
4000
2000
6000
2000
7000
3000
3000
1000
2000
6000
8000
24000
22000
10000
4000
1000
4000
6000
1000
14000
6000
5000
2000
5000
1000
5000
4000
7000
5000
1000
5000
10000
10000
9000
3000
16000
2000
11000
4000
23000
1000
3000
19000
1000
19000
7000
11000
8000
13000
8000
4000
5000
2000
3000
8000
2000
20000
4000
4000
10000
15000
9000
13000
1000
1000
1000
18000
5000
6000
1000
1000
11000
5000
17000
23000
8000
3000
3000
1000
10000
3000
7000
1000
2000
15000
