157000
3000
7000
32000
1000
66000
12000
56000
30000
20000
63000
6000
11000
39000
7000
11000
44000
48000
72000
21000
74000
16000
13000
31000
36000
24000
19000
5000
119000
51000
50000
2000
34000
30000
4000
25000
6000
10000
53000
13000
74000
56000
69000
115000
63000
57000
56000
19000
13000
48000
5000
36000
34000
16000
130000
14000
9000
26000
40000
29000
181000
8000
23000
23000
2000
31000
5000
19000
94000
84000
54000
19000
23000
22000
31000
20000
18000
41000
19000
5000
2000
114000
2000
7000
4000
20000
70000
21000
44000
14000
2000
2000
46000
6000
9000
61000
15000
132000
21000
68000
