4000
22000
20000
11000
17000
9000
32000
15000
69000
37000
157000
77000
3000
69000
19000
26000
1000
27000
53000
42000
121000
49000
24000
160000
53000
38000
203000
2000
14000
73000
32000
105000
87000
47000
132000
61000
210000
64000
146000
126000
97000
206000
37000
17000
29000
15000
10000
46000
102000
65000
4000
46000
134000
45000
9000
6000
97000
77000
26000
146000
107000
22000
20000
136000
34000
21000
74000
21000
46000
9000
18000
6000
41000
93000
43000
2000
39000
10000
22000
76000
17000
73000
93000
66000
2000
124000
101000
67000
80000
83000
89000
26000
1000
84000
50000
107000
129000
188000
31000
21000
