2813000
62000
74000
226000
154000
2239000
589000
1088000
2974000
579000
582000
239000
2000
199000
1237000
1144000
319000
1698000
494000
1911000
38000
1411000
403000
2079000
257000
244000
777000
1282000
1248000
1727000
148000
1731000
293000
1202000
888000
99000
736000
747000
612000
1867000
18000
243000
22000
263000
2404000
991000
1446000
224000
439000
1276000
1890000
635000
346000
1706000
734000
1182000
145000
327000
859000
257000
607000
111000
1094000
127000
754000
1243000
35000
85000
501000
201000
141000
57000
975000
482000
547000
610000
899000
683000
1296000
85000
1167000
262000
340000
471000
1258000
714000
1499000
852000
49000
502000
1159000
1583000
271000
658000
121000
1658000
1962000
613000
2036000
4783000
