758145000
5173857000
376800000
1273603000
79163000
1610096000
486696000
748858000
1073948000
748367000
967594000
49913000
278682000
1050456000
2879702000
571357000
198332000
500204000
438203000
324303000
60028000
1180246000
342042000
59060000
455445000
459762000
624766000
46689000
997863000
1236219000
363119000
163166000
41892000
648185000
560844000
319832000
603208000
521733000
115800000
1651438000
494280000
474502000
233887000
429497000
617790000
840688000
2913113000
414536000
668624000
2034536000
309074000
276655000
212226000
418192000
134689000
294202000
378812000
127776000
786781000
593329000
13509000
488308000
537483000
915691000
823399000
752221000
57459000
81279000
479764000
726947000
2525563000
478961000
514141000
319838000
24281000
134634000
1348187000
1399608000
473272000
288081000
670978000
13350000
2175928000
541329000
676479000
2772938000
2446908000
47085000
2041076000
44436000
512517000
672057000
28184000
315992000
91923000
896736000
894265000
266228000
109286000
549702000
