20000
52000
23000
27000
17000
52000
10000
17000
47000
9000
1000
86000
44000
12000
8000
7000
8000
66000
94000
68000
75000
38000
81000
63000
20000
55000
31000
41000
13000
47000
94000
35000
12000
7000
11000
16000
33000
9000
67000
69000
46000
10000
59000
17000
5000
7000
3000
59000
79000
58000
72000
146000
92000
16000
112000
20000
26000
71000
48000
14000
13000
33000
12000
11000
1000
50000
7000
1000
14000
17000
7000
77000
58000
8000
30000
67000
106000
2000
102000
13000
65000
39000
6000
16000
2000
22000
5000
1000
40000
158000
5000
13000
53000
15000
24000
20000
44000
5000
26000
41000
