22000
10000
4000
6000
4000
16000
12000
10000
10000
6000
1000
3000
6000
5000
19000
27000
4000
28000
9000
2000
24000
10000
4000
2000
21000
4000
11000
19000
10000
4000
2000
17000
7000
7000
11000
1000
34000
3000
51000
6000
10000
1000
3000
1000
1000
3000
1000
31000
24000
5000
1000
15000
9000
1000
30000
13000
8000
4000
21000
13000
17000
10000
9000
2000
2000
11000
2000
15000
3000
2000
3000
3000
8000
8000
13000
22000
17000
24000
3000
11000
5000
1000
13000
34000
8000
10000
19000
1000
17000
7000
7000
11000
5000
2000
1000
3000
1000
2000
1000
4000
