24000
11000
22000
5000
21000
10000
17000
3000
98000
51000
20000
20000
7000
3000
6000
11000
36000
29000
12000
24000
10000
25000
15000
9000
30000
80000
26000
8000
7000
46000
27000
11000
23000
3000
50000
68000
3000
18000
79000
28000
16000
77000
31000
34000
15000
7000
23000
25000
15000
67000
6000
4000
29000
1000
4000
12000
5000
13000
22000
2000
50000
38000
8000
2000
27000
11000
30000
10000
7000
43000
8000
2000
8000
19000
15000
11000
9000
2000
3000
24000
90000
51000
33000
18000
5000
48000
7000
3000
2000
76000
35000
1000
6000
53000
6000
29000
23000
28000
11000
5000
