87000
11000
22000
100000
32000
401000
9000
579000
272000
624000
78000
45000
2000
9000
15000
7000
348000
18000
198000
64000
307000
189000
170000
54000
19000
72000
517000
57000
314000
302000
597000
307000
39000
133000
254000
124000
149000
24000
299000
13000
1282000
149000
67000
4000
18000
217000
59000
87000
308000
564000
345000
10000
25000
7000
45000
20000
33000
172000
67000
78000
162000
508000
192000
306000
165000
73000
10000
808000
332000
15000
273000
124000
146000
303000
509000
267000
2000
39000
77000
182000
126000
97000
600000
67000
119000
77000
33000
108000
31000
203000
343000
234000
25000
175000
291000
402000
329000
185000
124000
175000
