17080000
2709000
19869000
10150000
1828000
10831000
385000
8955000
8613000
12627000
6201000
1213000
1435000
13337000
799000
15552000
6119000
6262000
898000
14917000
12805000
21000000
11614000
4369000
1890000
2052000
3651000
32519000
859000
4023000
11562000
3146000
4767000
4024000
10448000
13896000
13872000
13732000
734000
3881000
2315000
1120000
909000
7744000
1054000
4261000
34655000
3527000
9665000
4532000
3291000
1146000
4629000
4400000
12385000
5881000
8470000
254000
12755000
1396000
1920000
9181000
14274000
711000
5121000
4157000
955000
14249000
22913000
8697000
1864000
2151000
4450000
1040000
9007000
3033000
1936000
3460000
1386000
5649000
11689000
10974000
11574000
10730000
15426000
746000
3929000
4414000
2960000
9012000
19977000
7836000
1457000
7867000
3529000
3832000
515000
4237000
13239000
11840000
