6104096
345842
1149062
507978
182358
914491
2776643
1517239
289852
2810585
1461788
956824
1654292
1922069
1445229
3749477
616808
11856
510569
446043
1053695
2962922
404526
356139
5147575
46471
281138
634285
6315022
3844729
353883
414942
3165822
1720217
1379575
365109
1000257
2586034
904202
1909432
1851854
1176811
455678
91928
2210812
255254
251120
1584814
360588
1551188
280670
633813
1914114
1974935
939559
2303680
2942233
2074657
42263
3403095
792425
576083
2137168
35877
3820332
27633
7893945
523168
1275097
3645045
1087590
904696
668836
1637251
428723
3273722
2752307
2468220
24920
2802712
738962
1361995
800312
3445742
4263747
261098
659086
905475
569993
3107950
1146358
496522
3329479
128407
179487
122174
1155960
654312
779432
491819
