11000
5000
5000
36000
24000
18000
5000
11000
7000
1000
1000
2000
2000
20000
15000
108000
21000
1000
42000
10000
6000
13000
6000
18000
24000
31000
38000
15000
32000
91000
7000
20000
4000
30000
5000
52000
8000
15000
6000
6000
24000
5000
33000
24000
4000
22000
11000
12000
48000
1000
8000
17000
26000
2000
43000
14000
4000
4000
18000
30000
2000
1000
16000
29000
7000
32000
39000
19000
60000
6000
1000
2000
40000
4000
26000
8000
27000
6000
5000
50000
59000
31000
16000
16000
1000
52000
25000
15000
2000
7000
27000
5000
5000
18000
5000
22000
46000
36000
13000
21000
