1275
7169
18313
218
6338
384
5504
11298
3471
46091
14552
8234
829
2924
8264
19168
8731
480
7666
13776
2877
2372
1241
11405
1688
4271
3173
3183
7863
5645
3793
12108
924
18814
12917
807
4027
12362
11097
4674
25048
13743
1
1
6261
2791
16025
3799
458
8746
16892
4416
2539
9840
12105
16022
5095
11753
9389
38415
3678
2458
4246
8673
2908
4485
13098
2605
16874
4129
1
35884
8030
7394
31629
2561
14321
5331
9218
7486
21593
6862
2944
7573
708
965
21606
51746
3632
8225
4074
2583
3379
10434
1116
19311
3193
2803
2395
21069
