10000
251000
22000
47000
11000
8000
152000
72000
74000
35000
12000
82000
123000
48000
219000
46000
26000
84000
66000
12000
18000
122000
18000
6000
58000
243000
32000
56000
76000
22000
19000
58000
23000
76000
103000
30000
8000
67000
100000
62000
23000
91000
118000
25000
54000
204000
420000
42000
152000
50000
2000
7000
7000
149000
43000
47000
10000
52000
47000
24000
1000
20000
73000
29000
62000
155000
16000
15000
80000
5000
9000
47000
25000
179000
158000
106000
21000
30000
81000
167000
57000
80000
81000
134000
42000
40000
144000
89000
365000
22000
91000
31000
305000
6000
27000
32000
1000
90000
2000
49000
