22000
87000
49000
52000
5000
26000
35000
28000
123000
24000
3000
33000
50000
23000
18000
23000
96000
48000
2000
35000
18000
15000
9000
6000
3000
44000
92000
38000
12000
12000
30000
14000
23000
36000
42000
6000
22000
12000
6000
16000
61000
50000
58000
45000
55000
66000
4000
3000
44000
79000
3000
57000
18000
7000
11000
13000
44000
3000
61000
46000
28000
40000
9000
35000
14000
13000
10000
28000
13000
37000
18000
4000
3000
26000
30000
5000
16000
7000
25000
1000
13000
5000
119000
61000
3000
45000
11000
31000
13000
3000
19000
17000
22000
67000
17000
14000
8000
4000
30000
11000
