44000
18000
120000
122000
180000
28000
84000
26000
2000
157000
21000
52000
25000
40000
27000
181000
187000
291000
189000
80000
101000
102000
42000
121000
39000
187000
202000
297000
96000
82000
43000
90000
22000
64000
75000
237000
143000
43000
160000
213000
208000
4000
98000
178000
5000
9000
162000
69000
94000
89000
4000
149000
166000
130000
760000
92000
90000
118000
103000
144000
39000
81000
122000
64000
103000
235000
50000
60000
5000
245000
44000
21000
186000
29000
54000
25000
18000
12000
77000
90000
74000
1000
78000
28000
107000
92000
21000
101000
92000
91000
53000
39000
1000
330000
29000
25000
49000
422000
192000
34000
