9648
6849
2967
28521
1718
31047
906
924
4056
944
5709
5882
8868
8257
12609
27667
26080
9002
17255
15216
17528
19624
16119
8787
8196
18382
2155
18217
29016
12949
125
4498
11902
458
10938
27143
32344
5758
2008
5859
24054
25717
9471
2415
5839
174
3484
2394
6709
14911
4725
444
16483
22061
1494
19990
83295
5032
6101
14876
10555
4175
26783
9054
9994
19549
3394
2631
159
18259
10470
3581
33299
6044
11547
6564
4625
33759
3848
18689
1
9369
20179
13160
22287
16650
4667
10834
40286
6825
62786
903
34533
17753
12261
2680
3634
164
2743
1054
