53404
212313
100728
678712
35262
34864
243175
280539
427531
28023
195789
894841
373600
57523
264526
37648
111067
145414
941485
212257
638024
1732196
503615
34312
511435
916827
676050
134563
242332
212855
32563
595565
1378232
18728
209925
11941
24967
91071
392102
140872
56872
824200
705351
292471
46229
238767
443839
145680
313183
452909
741979
338706
655621
103367
9460
75464
383688
533856
82112
1533141
183878
1435125
179683
166511
260722
27324
37764
11384
508183
66604
27778
55455
492275
68193
553960
350004
195896
252673
862976
296879
898809
76725
202910
158833
111344
40303
604905
2443
264466
406196
565816
681415
292281
322265
183422
213402
539274
247719
180283
543138
