4664392
3235811
6212043
6555411
11300659
5692552
1116424
1159288
2604730
9545785
644515
17122170
7505092
1370297
9691239
3696618
6304007
171564
1609924
2065426
2757761
950978
1374073
3469967
1846638
3717666
1918605
11714150
2468397
877279
8102182
2690471
410878
2487603
3035798
749268
1510289
1696176
9169907
2207410
2323551
2885494
6228748
3539387
1206579
4747068
308695
1179876
2797353
96550
2349903
1409061
433197
195131
1672188
2696233
5439070
4315881
11035574
6491985
1876012
6221069
8394974
1734281
3928337
3292070
2225926
2370652
5587567
13593139
244311
8545405
6542339
845677
2689849
1376910
633981
3450277
2334013
591588
13529
5370708
2349749
186105
756363
1645405
4119497
882585
2524910
6353680
1907517
1588161
3972219
74577
791636
1926987
369404
2123580
3908149
1408880
