41000
4000
25000
9000
92000
12000
72000
3000
48000
20000
88000
63000
9000
21000
2000
83000
12000
68000
3000
190000
170000
4000
79000
6000
38000
67000
66000
14000
75000
25000
87000
9000
78000
120000
8000
81000
1000
249000
28000
7000
40000
14000
19000
89000
9000
6000
36000
57000
56000
3000
23000
33000
60000
1000
25000
16000
6000
91000
23000
19000
26000
16000
66000
68000
6000
4000
20000
31000
61000
165000
6000
35000
19000
34000
62000
11000
2000
11000
30000
17000
10000
1000
60000
7000
85000
4000
11000
50000
98000
69000
74000
1000
4000
8000
30000
7000
1000
145000
17000
107000
