40339
44161
88053
180176
60424
119313
37323
143592
53792
103720
132089
10750
7259
134806
13036
3764
14955
22713
125373
12136
16676
43099
143133
10648
28343
102262
14815
40702
65898
12755
1464
45144
177227
148376
126725
13128
2174
30268
8588
70009
4699
102629
2721
38951
4392
13279
40633
8669
76745
238498
31939
84143
38226
5306
51184
43458
7202
161989
31815
4316
31360
16669
10815
310553
30075
187947
11011
104032
4339
16115
21277
62787
50509
2027
33727
74254
33806
73083
164626
22491
122316
48555
27222
54574
23695
127031
141285
23353
127921
77706
13196
19
155310
1629
68742
52114
16122
28329
98828
24503
