22069
9170
2710
21210
25404
32956
1927
39068
31471
5779
7486
19711
62827
32876
2814
13936
36538
30650
1512
4118
16616
1155
47554
1508
161
9287
24142
17788
2793
29539
26738
15919
50130
8902
2985
28241
6195
30348
39836
1017
13732
17164
2526
11270
21418
306
1
80421
1148
8295
44227
16719
34336
7490
1012
2796
15352
18606
52743
2121
9652
3416
59553
5237
1992
34543
8296
9496
5754
22327
9660
18700
19470
55719
56799
33218
44076
2517
25784
27005
35085
22953
51205
7095
20473
1647
4166
34077
9242
44824
17999
8583
4712
18478
16334
1035
27744
43605
1051
1053
