39184243
434941377
254471577
19743615
44254261
17126429
69220689
21582751
101634946
513744659
189442309
123102561
262854937
189620791
25016506
9394785
30007383
77626704
347180300
20154480
253311572
197600201
16963399
102267601
92639643
157308744
307539897
46265656
358047407
183246769
74145664
119149032
169260238
22884533
159106633
290270645
188428827
4285265
913103318
121650815
206958048
23223276
142480256
44963383
217871236
110935044
188048231
41256695
211450702
3657198
150362286
73714069
494850642
3880786
132322248
107425231
172626214
43021344
480224172
233755129
241933309
33522397
8258955
103072624
141318808
400440242
116757998
331809988
388240384
288540867
67703450
125632642
234130668
218666082
228148834
44531659
114336969
285140732
91255778
32625888
13357974
148278383
269616699
61800360
340410481
87044626
94221276
169391764
144929302
18679702
49816586
9039578
53278073
8706324
259322146
74218898
91052777
38559370
145146454
424852388
