159000
137000
33000
185000
305000
11000
72000
1000
288000
13000
27000
183000
98000
155000
17000
74000
26000
23000
10000
33000
173000
34000
330000
380000
60000
1000
51000
275000
344000
141000
146000
53000
108000
10000
120000
147000
130000
5000
295000
127000
86000
234000
181000
27000
86000
250000
68000
99000
221000
268000
105000
17000
44000
156000
122000
69000
76000
19000
375000
78000
122000
138000
253000
16000
109000
458000
138000
17000
15000
148000
193000
60000
73000
242000
2000
15000
202000
116000
244000
138000
21000
33000
459000
27000
71000
390000
122000
111000
133000
30000
39000
124000
196000
15000
153000
136000
73000
15000
70000
17000
