1248880
6413411
11356238
2181958
7863093
5216456
3983084
3136046
8453549
778951
1630984
2184650
3718401
9958372
733533
1195257
6554128
2811575
526331
3867367
2061319
2529221
5181938
1304544
1331007
10276819
8482562
6213996
2651159
1303991
1291112
284472
2386106
9001793
24093123
4177080
165715
4961828
6739243
1156497
623361
1340381
4018971
918770
2558702
117350
20239073
2411996
1112195
7675082
11117397
6185516
7296848
5280017
1909041
8085929
923892
6527545
732904
3495595
4434197
7824113
362780
643517
3467220
1076310
2354361
6240926
740226
1755807
7148726
1352573
1353428
1816751
1638033
4216635
4940687
3504081
9931898
137897
1837478
870930
1682700
2361559
3998244
9145043
2445175
1614924
80727
8416224
2396642
672914
139500
9093682
5884957
5086651
3077965
437433
9501325
1397591
