294134
237898
5422
92504
66340
201756
474440
58158
239785
239701
348521
110164
381
12912
312330
12450
124699
40809
71023
143171
112975
187025
17195
9056
28618
107310
47414
351356
254577
207491
42910
50307
26701
30460
184202
112388
47658
61869
16858
84618
2724
106389
110251
3509
277547
274490
6515
69013
19148
113155
474783
3629
53865
40299
57635
211225
400892
584
161052
14446
173787
83364
23127
25026
210889
228052
142998
150159
427900
55395
42715
58226
71485
103593
209788
24810
79889
166837
463037
126253
39292
103473
190936
152540
339389
240809
71341
37734
276412
562258
136100
40214
146914
22565
16934
54003
29375
226940
142190
54021
